0000001011100101
0000000111101110
0000000010110000
0000000010110000
0000000010110000
0000001000101011
0000001110100101
0000001110100101
0000001110100101
0000001110100101
0000001110100101
0000001011110101
0000001011110101
0000001011110101
0000000101111010
0000000000000000
0000000000000000
0000000111000111
0000000111000111
0000000111000111
0000000111000111
0000000111000111
0000000111000111
0000000111000111
0000000111000111
0000000111000111
0000000000000000
0000000000000000
0000000010100111
0000000010100111
0000000010100111
0000000010100111
0000000010100111
0000000010100111
0000000010100111
0000000010100111
0000000010100111
0000000000000000
0000000000000000
0000000000000000
0000000000000000
0000000000000000
0000000000000000
0000000000000000
0000000100010111
0000000100010111
0000000100010111
0000000100010111
0000000100010111
0000000100010111
0000000100010111
0000000100010111
0000000100010111
0000000000000000
0000000000000000
0000000000000000
0000000000000000
0000000000000000
0000000000000000
0000000000000000
0000000000000000
0000000000000000
0000000000000000
0000000000000000
0000000000000000
0000000000000000
0000000000000000
0000000000000000
0000000000000000
0000000000000000
0000000000000000
0000000000000000
0000000100111101
0000000100111101
0000000100111101
0000000100111101
0000000100111101
0000000100111101
0000000100111101
0000000100111101
0000000100111101
0000000000000000
0000000000000000
0000000000000000
0000000000000000
0000000000000000
0000000000000000
0000000000000000
0000000000000000
0000000000000000
0000000000000000
0000000000000000
0000000000000000
0000000000000000
0000000000000000
0000000000000000
0000000000000000
0000000000000000
0000000000000000
0000000000000000
0000000000000000
0000000000000000
0000000000000000
0000000000000000
0000000000000000
0000000000000000
0000000000000000
0000000000000000
0000000000000000
0000000000000000
0000000000000000
0000000000000000
0000000000000000
0000000000000000
0000000000000000
0000000011010111
0000000011010111
0000000011010111
0000000011010111
0000000011010111
0000000011010111
0000000011010111
0000000011010111
0000000011010111
0000000010111001
0000000010111001
0000000010111001
0000000010111001
0000000010111001
0000000010111001
0000000010111001
0000001000110110
0000001110001110
0000001011010100
0000001011010100
0000001011010100
0000001011010100
0000001011010100
0000001011010100
0000001011010100
0000000101011000
0000000000000000
0000000000000000
0000000000000000
0000000000000000
0000000000000000
0000000101101111
0000001010111101
0000001010111101
0000001010111101
0000001010111101
0000001010111101
0000001010111101
0000001010111101
0000001010111101
0000000101001110
0000000000000000
0000000000000000
0000000000000000
0000000000000000
0000000000000000
0000000100001100
0000001000001110
0000001100000010
0000001111111110
0000001111111110
0000001111111110
0000001111111110
0000001111111110
0000001111111110
0000001011110010
0000000111110000
0000000011111011
0000000000000000
0000000000000000
0000000000000000
0000000101110111
0000000101110111
0000000101110111
0000000101110111
0000001011111011
0000001011111011
0000001011111011
0000001011111011
0000001011111011
0000000110000100
0000000110000100
0000000110000100
0000000110000100
0000001000010010
0000010000010111
0000010000010111
0000010000010111
0000010000010111
0000010101010011
0000010101010011
0000010101010011
0000010101010011
0000001101000001
0000000100111100
0000000100111100
0000000100111100
0000000100111100
0000001001000010
0000001001000010
0000001001000010
0000001001000010
0000001001000010
0000001111000000
0000001111000000
0000010100110011
0000010100110011
0000001011110001
0000001011110001
0000001011110001
0000001011110001
0000001011110001
0000000101110010
0000000101110010
0000000000000000
0000000111110101
0000000111110101
0000000111110101
0000000111110101
0000000111110101
0000000111110101
0000000111110101
0000000111110101
0000000111110101
0000000000000000
0000000000000000
0000000011001110
0000000011001110
0000000011001110
0000000011001110
0000000011001110
0000000011001110
0000000011001110
0000000011001110
0000000011001110
0000000011001001
0000000011001001
0000001010101000
0000001010101000
0000001010101000
0000001010101000
0000001010101000
0000001010101000
0000001010101000
0000000111011111
0000000111011111
0000000000000000
0000000000000000
0000000000000000
0000000000000000
0000000000000000
0000000000000000
0000000000000000
0000000000000000
0000000000000000
0000000000000000
0000000000000000
0000000000000000
0000000000000000
0000000101000111
0000000101000111
0000000101000111
0000000101000111
0000000101000111
0000000101000111
0000000101000111
0000000101000111
0000000101000111
0000000011111010
0000000011111010
0000000011111010
0000000011111010
0000000011111010
0000000011111010
0000000011111010
0000001100000010
0000010001010101
0000010000010101
0000010000010101
0000010000010101
0000010000010101
0000010000010101
0000010000010101
0000010000010101
0000001000001101
0000000110111011
0000000111001000
0000000111001000
0000000111001000
0000000111001000
0000000111001000
0000000111001000
0000000111001000
0000000111001000
0000000011000111
0000000000000000
0000000000000000
0000000000000000
0000000000000000
0000000000000000
0000000000000000
0000000000000000
0000000000000000
0000000000000000
0000000000000000
0000000000000000
0000000000000000
0000000000000000
0000000000000000
0000000000000000
0000000000000000
0000000000000000
0000000000000000
0000000000000000
0000000000000000
0000000000000000
0000000000000000
0000000000000000
0000000000000000
0000000000000000
0000000000000000
0000000000000000
0000000000000000
0000000000000000
0000000000000000
0000000000000000
0000000000000000
0000000000000000
0000000011000111
0000000011000111
0000000011000111
0000000011000111
0000000011000111
0000000011000111
0000000011000111
0000000011000111
0000000011000111
0000000000000000
0000000000000000
0000000000000000
0000000000000000
0000000000000000
0000000000000000
0000000011011000
0000000011011000
0000000011011000
0000000011011000
0000000011011000
0000000011011000
0000000011011000
0000000011011000
0000000011011000
0000000000000000
0000000100011010
0000000100011010
0000000100011010
0000000100011010
0000000100011010
0000000100011010
0000000100011010
0000000100011010
0000000100011010
0000000000000000
0000000000000000
0000000100110010
0000001011000001
0000001111110111
0000010101100010
0000010101100010
0000010101100010
0000011011000111
0000011011000111
0000011011000111
0000010110010100
0000010000000110
0000001011010000
0000000101100100
0000000101100100
0000000101100100
0000000000000000
0000000000000000
0000000000000000
0000000000000000
0000000000000000
0000000000000000
0000000000000000
0000000111110011
0000000111110011
0000000111110011
0000000111110011
0000000111110011
0000000111110011
0000000111110011
0000000111110011
0000000111110011
0000000000000000
0000000000000000
0000000000000000
0000000000000000
0000000000000000
0000000000000000
0000000000000000
0000000000000000
0000000000000000
0000000000000000
0000000000000000
0000000000000000
0000000000000000
0000000000000000
0000000010101010
0000000010101010
0000000010101010
0000000010101010
0000000010101010
0000000010101010
0000000010101010
0000000010101010
0000000010101010
0000000000000000
0000000000000000
0000000000000000
0000000000000000
0000000000000000
0000000101001001
0000000101001001
0000000101001001
0000000101001001
0000000101001001
0000000101001001
0000000101001001
0000000101001001
0000000101001001
0000000101001010
0000000101001010
0000000101001010
0000000101001010
0000000101001010
0000000101001010
0000000101001010
0000000101001010
0000000101001010
0000000000000000
0000000000000000
0000000000000000
0000000000000000
0000000000000000
0000000000000000
0000000000000000
0000000000000000
0000000000000000
0000000000000000
0000000000000000
0000000000000000
0000000000000000
0000000000000000
0000000000000000
0000000000000000
0000000000000000
0000000000000000
0000000000000000
0000000110010001
0000001110010011
0000010101000010
0000010101000010
0000010101000010
0000010101000010
0000010101000010
0000010101000010
0000010101000010
0000001110110000
0000001001101101
0000000010111111
0000000010111111
0000000010111111
0000000010111111
0000000010111111
0000000010111111
0000000010111111
0000000010111111
0000000000000000
0000000000000000
0000000000000000
0000000000000000
0000000011111001
0000000011111001
0000000011111001
0000000011111001
0000000011111001
0000001000110010
0000001111011110
0000001111011110
0000001111011110
0000001011100101
0000001011100101
