0000000000000000
0000000111111110
0000000000000000
0000000000000000
0000000000000000
0000000101101110
0000000101101110
0000000101101110
0000000101101110
0000000101101110
0000000101101110
0000000101101110
0000000101101110
0000000101101110
0000000000000000
0000000000000000
0000000000000000
0000000000000000
0000000000000000
0000000101001001
0000000101001001
0000000101001001
0000001001111100
0000010000001001
0000010011101100
0000010011101100
0000010011101100
0000010011101100
0000001110100011
0000001110100011
0000001110100011
0000001001110001
0000000011100011
0000000000000000
0000000000000000
0000000000000000
0000000000000000
0000000000000000
0000000000000000
0000000000000000
0000000000000000
0000000000000000
0000000000000000
0000000000000000
0000000000000000
0000000000000000
0000000000000000
0000000000000000
0000000000000000
0000000000000000
0000000000000000
0000000000000000
0000000000000000
0000000000000000
0000000000000000
0000000000000000
0000000000000000
0000000000000000
0000000000000000
0000000000000000
0000000000000000
0000000000000000
0000000000000000
0000000000000000
0000000000000000
0000000000000000
0000000000000000
0000000101100110
0000000101100110
0000000101100110
0000000101100110
0000000101100110
0000000101100110
0000000101100110
0000000101100110
0000000101100110
0000000000000000
0000000000000000
0000000000000000
0000000000000000
0000000000000000
0000000000000000
0000000000000000
0000000000000000
0000000000000000
0000000000000000
0000000000000000
0000000000000000
0000000000000000
0000000000000000
0000000000000000
0000000000000000
0000000000000000
0000000000000000
0000000000000000
0000000000000000
0000000000000000
0000000000000000
0000000000000000
0000000000000000
0000000000000000
0000000000000000
0000000000000000
0000000000000000
0000000000000000
0000000000000000
0000000000000000
0000000100011011
0000000100011011
0000000100011011
0000001010001100
0000001010001100
0000001010001100
0000010011000010
0000011000110000
0000011000110000
0000010100010100
0000010100010100
0000010100010100
0000001110100011
0000001110100011
0000001110100011
0000000101101101
0000000000000000
0000000000000000
0000000000000000
0000000000000000
0000000000000000
0000000110000001
0000000110000001
0000000110000001
0000000110000001
0000000110000001
0000000110000001
0000000110000001
0000000110000001
0000000110000001
0000000000000000
0000000010010111
0000000010010111
0000000010010111
0000000010010111
0000000010010111
0000000010010111
0000000010010111
0000000010010111
0000000010010111
0000000000000000
0000000000000000
0000000000000000
0000000000000000
0000000000000000
0000000000000000
0000000000000000
0000000000000000
0000000000000000
0000000000000000
0000000000000000
0000000000000000
0000000000000000
0000000000000000
0000000000000000
0000000000000000
0000000000000000
0000000000000000
0000000000000000
0000000000000000
0000000111100100
0000001100110110
0000001100110110
0000001100110110
0000001100110110
0000001100110110
0000001100110110
0000001100110110
0000001100110110
0000000101010010
0000000000000000
0000000000000000
0000000101100001
0000001100111100
0000001100111100
0000001100111100
0000001100111100
0000001100111100
0000001100111100
0000001111010100
0000001111010100
0000010000100011
0000010001000110
0000010001000110
0000010001000110
0000010001000110
0000010001000110
0000010001000110
0000001110101110
0000001110101110
0000000111111110
0000000000000000
0000000000000000
0000000110111100
0000001101001010
0000001101001010
0000001101001010
0000010010111000
0000010010111000
0000010010111000
0000010010111000
0000010010111000
0000010100000101
0000010100100000
0000010100100000
0000010100100000
0000001110110010
0000001110110010
0000001110110010
0000001110110010
0000001110110010
0000000110101001
0000000000000000
0000001100001001
0000001100001001
0000001100001001
0000001100001001
0000001100001001
0000001100001001
0000001100001001
0000001100001001
0000001100001001
0000000000000000
0000000000000000
0000000100100111
0000000100100111
0000000100100111
0000000100100111
0000001010010100
0000010001101111
0000010111001010
0000010111001010
0000010111001010
0000010010100100
0000010010100100
0000010010100100
0000010010100100
0000001100110110
0000000101011011
0000000000000000
0000000000000000
0000000000000000
0000000000000000
0000000000000000
0000000010111010
0000000010111010
0000000010111010
0000000010111010
0000000010111010
0000000100011101
0000000100011101
0000000100011101
0000000100011101
0000000000000000
0000000000000000
0000000000000000
0000000000000000
0000000000000000
0000000000000000
0000000000000000
0000000111110111
0000001110010111
0000001110010111
0000001110010111
0000001110010111
0000001110010111
0000001110010111
0000001110010111
0000001110010111
0000001011011001
0000000111110111
0000000111110111
0000000111110111
0000000111110111
0000000111110111
0000000111110111
0000000111110111
0000000111110111
0000000010111110
0000000000000000
0000000000000000
0000000101111001
0000001001111010
0000001111000100
0000001111000100
0000001111000100
0000001111000100
0000001111000100
0000001111000100
0000001111000100
0000001001001011
0000000101001001
0000000000000000
0000000000000000
0000000000000000
0000000000000000
0000000000000000
0000000000000000
0000000000000000
0000000000000000
0000000000000000
0000000000000000
0000000000000000
0000000000000000
0000000000000000
0000000000000000
0000000000000000
0000000000000000
0000000000000000
0000000000000000
0000000110000000
0000000110000000
0000000110000000
0000001011000110
0000010000111101
0000010101011001
0000010101011001
0000010101011001
0000010101011001
0000001111011001
0000001111011001
0000001111011001
0000001010010011
0000000100011100
0000000000000000
0000000100010100
0000000100010100
0000000100010100
0000000100010100
0000000100010100
0000000100010100
0000000100010100
0000000100010100
0000000100010100
0000000000000000
0000000000000000
0000000000000000
0000000000000000
0000000000000000
0000000000000000
0000000000000000
0000000000000000
0000000000000000
0000000000000000
0000000000000000
0000000000000000
0000000000000000
0000000000000000
0000000000000000
0000000000000000
0000000000000000
0000000000000000
0000000000000000
0000000000000000
0000000000000000
0000000000000000
0000000000000000
0000000000000000
0000000000000000
0000000000000000
0000000000000000
0000000000000000
0000000000000000
0000000000000000
0000000000000000
0000000000000000
0000000000000000
0000000000000000
0000000101000010
0000000101000010
0000000101000010
0000000101000010
0000000101000010
0000000101000010
0000000101000010
0000000101000010
0000000101000010
0000000000000000
0000000000000000
0000000000000000
0000000000000000
0000000110100010
0000000110100010
0000000110100010
0000000110100010
0000000110100010
0000000110100010
0000000110100010
0000000110100010
0000000110100010
0000000000000000
0000000000000000
0000000000000000
0000000000000000
0000000000000000
0000000000000000
0000000000000000
0000000000000000
0000000000000000
0000000000000000
0000000000000000
0000000000000000
0000000100011000
0000000100011000
0000000100011000
0000000100011000
0000000100011000
0000000100011000
0000000100011000
0000000100011000
0000000100011000
0000000000000000
0000000000000000
0000000000000000
0000000000000000
0000000000000000
0000000000000000
0000000000000000
0000000000000000
0000000000000000
0000000000000000
0000000110000011
0000000110000011
0000000110000011
0000000110000011
0000000110000011
0000000110000011
0000000110000011
0000000110000011
0000000110000011
0000000101011111
0000000101011111
0000000101011111
0000000101011111
0000000101011111
0000000101011111
0000000101011111
0000000101011111
0000000101011111
0000000000000000
0000000000000000
0000000000000000
0000000011000110
0000000110001001
0000001010000010
0000001010000010
0000001010000010
0000001010000010
0000001010000010
0000001010000010
0000001010000010
0000000110111100
0000000011111000
0000000000000000
0000000000000000
0000000000000000
0000000000000000
0000000000000000
0000000110011110
0000000110011110
0000000110011110
0000000110011110
0000000110011110
0000000110011110
0000000110011110
0000000110011110
0000000110011110
0000000000000000
0000000000000000
0000000000000000
0000000000000000
0000000000000000
0000000110000001
0000000110000001
0000000110000001
0000000110000001
0000001011110101
0000001011110101
0000001011110101
0000001011110101
0000001011110101
0000000101110101
0000000101110101
0000000101110101
0000000101110101
0000000000000000
0000000000000000
0000000000000000
0000000000000000
0000000000000000
0000000000000000
0000000000000000
