0000100000110111
0000010001011000
0000001101010011
0000001101010011
0000010001100101
0000011011100101
0000100100010101
0000110001101110
0000110001101110
0000110001101110
0000110001101110
0000101001001111
0000101001001111
0000110001100110
0000110010000111
0000101010011001
0000100101110001
0000101110111011
0000111000011001
0001000011010010
0001000011010010
0001000011010010
0000111111001010
0000111111100111
0000111001110000
0000110001000000
0000100111110111
0000011110011000
0000010011100000
0000010011100000
0000010011100000
0000001010111110
0000000000000000
0000000000000000
0000000000000000
0000000000000000
0000001101110111
0000011101001000
0000011101001000
0000011101001000
0000100100101100
0000110000101010
0000111011000100
0001000001011011
0001001100110001
0000111110111010
0000101111101000
0000101111101000
0000101111101000
0000101000000100
0000011100000111
0000010001101101
0000001011010110
0000000000000000
0000000000000000
0000000000000000
0000000000000000
0000001100101010
0000010110111001
0000100000110001
0000101001000110
0000101001000110
0000101001000110
0000101001000110
0000101001000110
0000101001000110
0000011100011100
0000011111100100
0000100001000100
0000011000101111
0000011000101111
0000100111001100
0000110011101000
0000111111100101
0001001001010001
0001010100101000
0001010100101110
0001011000110001
0001011000110001
0001011000110001
0001001010010011
0000111101111000
0000110001111011
0000101000001111
0000100100100110
0000100000010010
0000010000110111
0000010000110111
0000010000110111
0000010000110111
0000010000110111
0000010000110111
0000011010100100
0000011111001010
0000100010101000
0000100010101000
0000100010101000
0000100010101000
0000100010101000
0000100010101000
0000100010101000
0000011000111100
0000001100100111
0000000000000000
0000000000000000
0000000000000000
0000000000000000
0000000000000000
0000000000000000
0000000000000000
0000001001100100
0000010101010011
0000100001010110
0000101110100110
0000111011101110
0001000101010111
0001000101010111
0001000101010111
0001000101010111
0000111011110011
0000111000000110
0000110011011111
0000100110001110
0000011001000110
0000001111011110
0000001111011110
0000001111011110
0000001111011110
0000001111011110
0000000111011100
0000000000000000
0000000000000000
0000000000000000
0000000000000000
0000000111111110
0000001111110111
0000001111110111
0000001111110111
0000010100110100
0000010100110100
0000010100110100
0000010100110100
0000010100110100
0000011111101000
0000100100111100
0000101101110100
0000110110000001
0000111001111000
0001000001100110
0001000101111110
0001000101111110
0001000101111110
0000111001010000
0000110100110100
0000111001001010
0001000000101111
0001001000010001
0001010001010100
0001001100111100
0001001100111100
0001010100011110
0001010101001111
0001010111000011
0001001001110110
0000111010000011
0000101001101101
0000011000111100
0000100000110010
0000101101110110
0000110011100101
0000101100110000
0000100010001011
0000100010001011
0000100010001011
0000100010001011
0000101101010100
0000101110111100
0000100001111000
0000010100100110
0000011111001001
0000101001011110
0000101001011110
0000101001011110
0000101001011110
0000011110010100
0000010100110111
0000010100110111
0000010100110111
0000010101000000
0000010101111001
0000100110010001
0000100110010001
0001000000001001
0001010110000110
0001100101011110
0001101110010000
0001101110010000
0001100011100100
0001011000010111
0001010010010111
0001011111011110
0001010011000001
0001001010001000
0001000111010101
0001001000101110
0001010000001111
0001010110111010
0001100000010111
0001100000011101
0001011101110110
0001011101000011
0001001111111111
0001001001010011
0001001101100101
0001010110001100
0001100000000100
0001010110100111
0001001100001001
0001011011001011
0001100101010100
0001110010110111
0001111100110000
0001101110010010
0001011110001010
0001001101100111
0001001101100111
0001001101100111
0000110100000110
0000011101010101
0000001111110010
0000000000000000
0000001111010101
0000010111010110
0000011100010101
0000100100011010
0000110000001111
0000111101100001
0000111101100001
0000111101100001
0000110111001110
0000110110010011
0000111010010010
0001000010001010
0001000011010010
0000111111101110
0000111000001000
0000111000001000
0000111000001000
0000111000001000
0000110000000001
0000101100110101
0000100101010000
0000011111101111
0000010111011101
0000010001110010
0000010001110010
0000010001110010
0000010111100000
0000010111100000
0000001110101101
0000001001011010
0000000000000000
0000000000000000
0000001110011000
0000010101001110
0000011101100101
0000100101100001
0000110011110101
0000111111110010
0000111111110010
0000111111110010
0000111111110010
0000110111001000
0000111000000001
0000101111101010
0000100010000000
0000011010011000
0000001110011100
0000001110011100
0000011011011111
0000100111000100
0000110001101110
0000101001111110
0000101001111110
0000101001111110
0000100011010010
0000100011010010
0000100011010010
0000010110001110
0000001010101010
0000001001111001
0000001001111001
0000001001111001
0000001001111001
0000010000110010
0000010000110010
0000010000110010
0000010000110010
0000010000110010
0000000000000000
0000000000000000
0000000000000000
0000000000000000
0000000000000000
0000000000000000
0000000000000000
0000000000000000
0000000000000000
0000000000000000
0000000000000000
0000000000000000
0000000000000000
0000000000000000
0000000000000000
0000010011011011
0000100100001001
0000110000001111
0000111001100101
0000111001100101
0000111001100101
0001000010011100
0001000010011100
0001000010011100
0000101111000001
0000011110010011
0000010010001100
0000001000110111
0000001000110111
0000001000110111
0000000000000000
0000000000000000
0000000111000001
0000001100000110
0000001100000110
0000001100000110
0000001100000110
0000001100000110
0000001100000110
0000001100000110
0000001100000110
0000000000000000
0000000000000000
0000000000000000
0000010001010101
0000010001010101
0000010001010101
0000010001010101
0000010001010101
0000011010101100
0000100000000010
0000100100001010
0000100100001010
0000010010110101
0000010010110101
0000010010110101
0000010010110101
0000100001011101
0000011000000110
0000010010110000
0000001110101000
0000001110101000
0000001110101000
0000001110101000
0000001110101000
0000001110101000
0000000000000000
0000000000000000
0000000000000000
0000000000000000
0000001000101100
0000010000011100
0000011001010000
0000100001010000
0000101001110011
0000110100011000
0000111110101111
0000111110101111
0001000001000111
0000111000011011
0000110110111010
0000111011010001
0000111111110101
0000111110011010
0000111010101111
0000110111101011
0000111101010010
0000111010111010
0001000100100010
0001000111100001
0000111010010111
0000101101110001
0000110101010110
0000111010101000
0000110011010110
0000110101011001
0000110101011001
0000101011110001
0000100010100011
0000101010111001
0000110100011101
0000101111011101
0000100011010000
0000100011010000
0000011011100110
0000011011100110
0000100100111100
0000101011100001
0000101000110011
0000011111001111
0000010101100010
0000010101100010
0000010101100010
0000100001101000
0000100111111011
0000011110100110
0000011000000001
0000010010011001
0000010010011001
0000010010011001
0000010010011001
0000010010011001
0000010011001010
0000001100110111
0000001100110111
0000001100110111
0000001100110111
0000001100110111
0000010100101110
0000100000010100
0000101010101110
0000100110100100
0000100110100100
0000100110100100
0000100110100100
0000100110100100
0000100110100100
0000011110101100
0000010011000111
0000001000101100
0000001011010100
0000010000010110
0000010000010110
0000010000010110
0000010000010110
0000010000010110
0000010000010110
0000010000010110
0000101111110011
0000110101111110
0000111001010011
0001000001110101
0001001100010110
0001010100110001
0001011001010000
0001011001010000
0001011001010000
0000111001110100
0000101000010101
0000011111111101
0000010111011100
0000001100111010
0000000000000000
0000000000000000
0000000000000000
0000001111110010
0000001111110010
0000011111101110
0000101100110010
0000110100110001
0000111001011011
0000111001011011
0001000010001101
0000111111001001
0000110101111110
0001000000010010
0000110110101101
0000101001101001
0000101100100100
0000110100101001
0001000000010101
0000110111100010
0000110100000000
0000111100011001
0000111110011100
0000111000000100
0000111000000100
0000110011000100
0000101101011010
0000100001101110
0000100001101110
0000100001101110
0000011001010100
0000001100111110
0000011000101100
0000100110000001
0000100000001000
0000011001000011
0000011101101011
0000100000110111
