0000011111100010
0000101100111011
0000101010001011
0000100110110111
0000100000000011
0000100110001111
0000101111100000
0000111010001101
0000111010001101
0000110110111010
0000110001100110
0000101010010001
0000101111000000
0000110111010101
0000110011100001
0000101100101001
0000101001000100
0000110100100000
0000110100100000
0000110100100000
0000110100100000
0000110001101001
0000110110100100
0000111100100000
0000110110100010
0000101100011011
0000100000111111
0000101010111100
0000101111101110
0000101111101110
0000101001001001
0000011011111000
0000001110101111
0000011000101000
0000100001011100
0000100001011100
0000100110111010
0000100010001001
0000100010001001
0000101100000001
0000101100000001
0000101100000001
0000101101100111
0000101011010011
0000101011010011
0000011011110111
0000011011110111
0000011011110111
0000010001111110
0000010001111110
0000010001111110
0000000110100000
0000001101101101
0000001101101101
0000001101101101
0000001101101101
0000011000001011
0000100100110111
0000100100110111
0000100100110111
0000101110010010
0000100100111100
0000100100111100
0000100100111100
0000100100111100
0000011010011110
0000010111101000
0000100011101110
0000101011011100
0000101010100011
0000100110001101
0000100110001101
0000100110001101
0000100110001101
0000110010100100
0000110110101000
0000101010100010
0000110011001011
0000111001011000
0001000011101111
0001001001000000
0001010000111000
0001011010001111
0001001101110111
0000111111111110
0000111111111110
0000101111101000
0000100000110111
0000010110100000
0000010111000011
0000010101000011
0000010001010101
0000011010101100
0000101010010100
0000101010010100
0000101010010100
0000101010010100
0000101010010100
0000101011100000
0000101101101000
0000101000000000
0000011110101001
0000100011010101
0000110000001100
0000110100110000
0000110100110000
0000110100110000
0000110101100000
0000101101100000
0000101101100000
0000111010111011
0000110110010111
0000111001101100
0001000101101011
0001000101101011
0001000101101011
0000111101111010
0000111101111010
0000111101111010
0000110000011111
0000101001010111
0000011110101111
0000001110001100
0000010011110011
0000011000110100
0000100000000000
0000101011000010
0000110110110111
0000111111011001
0001000000011100
0000111010111000
0001000110001001
0001001010010110
0001001110001100
0001001111000110
0001001010010100
0000111110011111
0000110101111101
0000101100010010
0000101100010010
0000100001000001
0000010111001101
0000100001110010
0000101011010010
0000110011111110
0000111111010110
0001000111001011
0001010000011010
0001011000101101
0001011110101010
0001011110101010
0001001011001110
0001000000010011
0000111001101110
0000111010010101
0001000001101111
0001001000111001
0001001111100011
0001010100100100
0001011111111100
0001011111111100
0001011001010001
0001011011001100
0001010111101110
0001001000011110
0000111000000110
0000101001001001
0000101011000111
0000101100001101
0000110100111111
0000111010011000
0000110101001110
0000110100100011
0000110100100011
0000110100100011
0000110100100011
0000110011111000
0000100111011010
0000011110101000
0000100111001111
0000101101000111
0000100111111100
0000101110110011
0000110111111010
0000111101111110
0000110101111110
0000111011100111
0000111011100111
0000110111111010
0000111101011111
0000111010110101
0000110011111110
0001000110001110
0001010110101110
0001011101111000
0001100000100111
0001100000100111
0001010110010100
0001000101101111
0001010000101110
0001011110011100
0001010001000110
0001001000011011
0001001011110100
0001010001100111
0001011100000001
0001100110000010
0001110010011010
0001110011000001
0001110000000111
0001101011001001
0001100010101001
0001010011110101
0001000101101001
0000111011001111
0000110001001111
0000100100110110
0000011001010000
0000100110100110
0000110011111000
0000111100111001
0001001010100000
0001001010100000
0001001010100000
0001010101110110
0001011111001111
0001011111001111
0001000111000101
0000110000110001
0000100010010110
0000010100101110
0000011010101100
0000100011010111
0000100000111111
0000100000101011
0000101010101111
0000110101101011
0000111111011100
0000111111011100
0001000011101100
0001000011101011
0001000011011011
0001000100100110
0001000011111010
0001000000111100
0000110110000000
0000101100001111
0000101100001111
0000100111111111
0000100010000010
0000011001101000
0000001111011111
0000001010111100
0000000000000000
0000000000000000
0000000000000000
0000000000000000
0000001000010010
0000001101111011
0000010010100010
0000010010100010
0000001110101100
0000001110101100
0000001110101100
0000011000100000
0000100001011010
0000101010110101
0000110001010011
0000110111110111
0000110111110111
0000110111110111
0001000010101010
0001001101011001
0001001011111000
0001000010111110
0000110101000111
0000110011110100
0000101000101001
0000101000101001
0000110101000111
0000110111100111
0000110110111101
0000101110101010
0000101110101010
0000101110101010
0000100011110110
0000100011110110
0000100011110110
0000010111011000
0000001010000101
0000000000000000
0000000000000000
0000000000000000
0000001110011001
0000010011101010
0000010011101010
0000010011101010
0000010011101010
0000010011101010
0000010011101010
0000010000001001
0000010000001001
0000000101010001
0000000000000000
0000000000000000
0000000000000000
0000000000000000
0000000000000000
0000000000000000
0000000000000000
0000000000000000
0000000000000000
0000000000000000
0000000000000000
0000010001011100
0000100011011110
0000110010101100
0000111100110111
0000111100110111
0000111100110111
0000111100110111
0000111100110111
0000111100110111
0000101011011011
0000011001011001
0000001010001011
0000000100110111
0000000100110111
0000000100110111
0000001010011110
0000001111010010
0000010111010010
0000010111010010
0000010111010010
0000010111010010
0000010010011011
0000010010011011
0000010010011011
0000011011100000
0000011101011001
0000010101011000
0000010101011000
0000010101011000
0000100101011011
0000110011110000
0000111110000011
0001000110000100
0001000001000001
0000111010010100
0000111010010100
0000111010010100
0000111010010100
0000101010010001
0000011011111100
0000010001101001
0000011000001100
0000011010101000
0000100110001101
0000110000100010
0000111000101100
0001000000111001
0001000000111001
0001000000111001
0001000000111001
0000110010010100
0000100110010001
0000011010101100
0000010000010111
0000001000001101
0000000110011010
0000001110111100
0000011000010010
0000100001010011
0000101001000111
0000110001111100
0000111100101111
0000111100101111
0000111100101111
0000110110010100
0000101101110011
0000110000011000
0000110010110111
0000101011000011
0000101010000010
0000011111010000
0000011111010000
0000100100110110
0000101011110011
0000111000010000
0000101100010100
0000100000110100
0000110000011011
0000110001110010
0000110001110010
0000111001000100
0000111010101101
0000110011110001
0000101100011111
0000101100011111
0000101100011111
0000011100111001
0000011110110000
0000011110110000
0000010111011110
0000011001111101
0000100100111011
0000011111110000
0000011111110000
0000011111110000
0000011111110000
0000010100101101
0000010100101101
0000011101011001
0000010011101010
0000001000101100
0000001000101100
0000001000101100
0000001111111101
0000001111111101
0000001111111101
0000001111111101
0000010000000111
0000010000000111
0000010000000111
0000010101100110
0000010101100110
0000001110010110
0000001110010110
0000001110010110
0000011010110001
0000010001111011
0000010001111011
0000010001111011
0000001100011100
0000001100011100
0000010010101110
0000011100110010
0000101000111100
0000100111111000
0000110001010000
0000110111010011
0000110111010011
0000110111010011
0000110111010011
0000110001000001
0000100110111101
0000011010110011
0000001111011100
0000011000101111
0000011010001000
0000100001101010
0000101011000111
0000101011000111
0000101011000111
0000101011000111
0000101011000111
0000101011000111
0000011000011010
0000010000111111
0000001001011101
0000000000000000
0000000000000000
0000000000000000
0000001100001110
0000001100001110
0000011000011100
0000100010110110
0000101111011001
0000101111011001
0000101111011001
0000111000100010
0000110100100100
0000101100010101
0000101100010101
0000101010100111
0000100101010001
0000011000101110
0000100011011011
0000101101101011
0000101100011100
0000101100011100
0000101100011100
0000101100011100
0000101100101011
0000101110000010
0000110000111001
0000101100000010
0000101000000110
0000100101010010
0000101010100111
0000110000100111
0000110000100111
0000100101110111
0000101000110010
0000110000010011
0000110000100011
0000101100100001
0000101010110110
0000100101100001
