0000010101100111
0000000000000000
0000000000000000
0000000000000000
0000000000000000
0000000000000000
0000001101010000
0000010101011000
0000010101011000
0000010101011000
0000010101011000
0000010101011000
0000100001001110
0000101011110110
0000110110111110
0000101001101101
0000101011101011
0000110110111111
0000110110111111
0001000001100010
0001000001100010
0000110101101100
0000101011000100
0000101101110000
0000110100001110
0000101010001001
0000101000110010
0000110001111101
0000100111011010
0000100111011010
0000100111011010
0000100111011010
0000011001100111
0000011011001001
0000100010110110
0000011111111100
0000100001001111
0000101110001100
0000101110001100
0000101110001100
0000110010111100
0000111110110110
0001000010011101
0000111010110000
0000111101100010
0000111110001110
0000110001010010
0000110001010010
0000110001010010
0000101100100010
0000100000101000
0000010101000001
0000100011100110
0000100111111110
0000011100110100
0000011100110100
0000011100110100
0000011100110100
0000011100110100
0000011100110100
0000011100110100
0000001110001110
0000000000000000
0000000000000000
0000000000000000
0000000000000000
0000000000000000
0000000000000000
0000001011000010
0000001011000010
0000001011000010
0000011000010000
0000100011110010
0000101111010110
0000101111010110
0000101111010110
0000101111010110
0000100100010100
0000101110011110
0000111000001010
0000110001011011
0000101111011010
0000100011110110
0000100011110110
0000100011110110
0000101100111001
0000101100111001
0000100010101111
0000011001000011
0000011001000010
0000001111100001
0000001111100001
0000001111100001
0000011110011110
0000100100110101
0000101101101001
0000101101101001
0000101101101001
0000100111001010
0000100111001010
0000100111001010
0000100111001010
0000011000001101
0000001000110100
0000000000000000
0000000000000000
0000000000000000
0000000111110010
0000000111110010
0000000111110010
0000000111110010
0000010111101010
0000100100101000
0000110001100111
0000111110000110
0000111110000110
0000111101100111
0001000111010010
0001000111010010
0001000111010010
0000110111011010
0000110000011111
0000100011100000
0000010111000001
0000011100101010
0000011100000000
0000011101011110
0000101011100000
0000110111001110
0000111101001101
0001000000111001
0001001100001111
0001010110110011
0001011010001110
0001011011100110
0001010111101011
0001001101100011
0001000001110101
0000111111101101
0000110101111110
0000101010101000
0000100000000100
0000010110111111
0000001110111110
0000011000011010
0000100000100110
0000101000111010
0000101111010111
0000101111010111
0000101111010111
0000101111010111
0000101111010111
0000110101100010
0000100100111001
0000011000110010
0000010000011111
0000000000000000
0000000000000000
0000010110000000
0000100010011000
0000101001101110
0000101011101001
0000101011101001
0000101011101001
0000101011101001
0000101011101001
0000110011101110
0000101101011010
0000110000000011
0000101000101100
0000100000100110
0000100101100101
0000100101100101
0000100101100101
0000100101100101
0000011101011111
0000010011111111
0000001010001001
0000001010001001
0000001010001001
0000000000000000
0000000000000000
0000000000000000
0000001110111101
0000010101100101
0000011011110010
0000011100010000
0000011100010000
0000011100010000
0000101100110110
0000111010010000
0001001101110101
0001011100000111
0001101001110011
0001110000110100
0001110101011101
0001110101011101
0001110101011101
0001100100110110
0001100010000100
0001011011001011
0001010001100001
0001001101010101
0001001111001111
0001001111110101
0001010111001110
0001100001010111
0001100001010111
0001010110110000
0001001010000011
0000111011101000
0000101011100000
0000011100011000
0000100100000001
0000110010000000
0000100111110111
0000100111110111
0000100111110111
0001000011001100
0001011010111000
0001101101000010
0001110111000100
0001100100100101
0001001111001100
0001001111001100
0001001111001100
0001001111001100
0000110011111000
0000011100001011
0000001010000010
0000000000000000
0000000000000000
0000000000000000
0000000000000000
0000000000000000
0000001110100010
0000011011100011
0000100110000111
0000100110000111
0000100110000111
0000100110000111
0000101110111011
0000111001001010
0001000100001100
0000110101101010
0000101000101001
0000100100111000
0000100100111000
0000100100111000
0000100100111000
0000011100000100
0000010001110100
0000000110110010
0000000110110010
0000000110110010
0000000000000000
0000000000000000
0000000000000000
0000000000000000
0000000000000000
0000000000000000
0000001110111100
0000010110110000
0000100000011011
0000101001011111
0000110100010100
0000110100010100
0000101101111010
0000101101111010
0000110011000010
0000101010100001
0000100010101101
0000011001000010
0000011010001111
0000001111011010
0000001111011010
0000001111011010
0000001111011010
0000001010010001
0000011000011010
0000101010110011
0000111001110111
0000110110001001
0000110110001001
0000110110001001
0000111100100100
0000111100100100
0001000010101011
0000111100100110
0000110100100110
0000100101100001
0000011110111110
0000011110111110
0000011110111110
0000011111010011
0000011111010011
0000011001001100
0000010001001000
0000000000000000
0000000000000000
0000001000110000
0000001000110000
0000001000110000
0000000000000000
0000000000000000
0000000000000000
0000000000000000
0000000000000000
0000000000000000
0000000000000000
0000000000000000
0000000111010011
0000000111010011
0000010100100011
0000010100100011
0000010100100011
0000010100100011
0000010100100011
0000010100100011
0000011000111011
0000011001011101
0000100010111111
0000010101101111
0000010101101111
0000010101101111
0000010101101111
0000010101101111
0000011010000101
0000010101101110
0000001101111000
0000000000000000
0000001100001111
0000010011100011
0000010011100011
0000010011100011
0000010011100011
0000001111001100
0000001111001100
0000001111001100
0000001111001100
0000000111010011
0000000000000000
0000000000000000
0000000000000000
0000001111100110
0000001111100110
0000001111100110
0000001111100110
0000011010010000
0000100000111010
0000100000111010
0000100000111010
0000100000111010
0000011100011011
0000101001100101
0000111000111000
0000111000111000
0000111011111001
0001000000010110
0001001010100001
0001001010100001
0001001010100001
0000111111011010
0000110010010000
0000100010111101
0000100010111101
0000010101010011
0000001010001011
0000000000000000
0000001010000101
0000001010000101
0000001010000101
0000001010000101
0000001010000101
0000010101101001
0000100000000000
0000100000000000
0000100000000000
0000010101111011
0000010101111011
0000100001110010
0000101100000100
0000101100000100
0000100000100000
0000010110001001
0000010110001001
0000010110001001
0000010110001001
0000010110001001
0000001010010010
0000000000000000
0000000000000000
0000001011011001
0000010001101110
0000010001101110
0000010001101110
0000010001101110
0000010110111001
0000011110100001
0000100110111000
0000101101110011
0000101101100001
0000100111001100
0000100111001100
0000100111001100
0000110011100001
0000101110010110
0000100110101110
0000011110010111
0000010111011100
0000001100010101
0000001100010101
0000001100010101
0000001100010101
0000000000000000
0000000000000000
0000000000000000
0000000000000000
0000000000000000
0000000000000000
0000000000000000
0000001100101010
0000010010011100
0000010010011100
0000010010011100
0000010010011100
0000010010011100
0000010010011100
0000010010011100
0000010010011100
0000001110111110
0000001110100110
0000010011011101
0000010011011101
0000010011011101
0000011001101000
0000100101110010
0000100101110010
0000100101110010
0000011100100110
0000010111001100
0000010111001011
0000010111001011
0000010111001011
0000010001000000
0000000000000000
0000000000000000
0000000000000000
0000000000000000
0000000000000000
0000000000000000
0000000000000000
0000000111101110
0000000111101110
0000000111101110
0000001001110100
0000001001110100
0000001001110100
0000001001110100
0000001001110100
0000001001110100
0000000000000000
0000000000000000
0000001001101010
0000000111100100
0000000111100100
0000000111100100
0000000111100100
0000000111100100
0000000111100100
0000001101100100
0000010011011111
0000001110110100
0000010100001101
0000011101011101
0000100101110101
0000100101110101
0000110001000111
0000110001000111
0000101011000110
0000100101001011
0000100010010010
0000011100111010
0000010011101010
0000001011010010
0000001011010010
0000000000000000
0000000000000000
0000000000000000
0000000000000000
0000000000000000
0000000000000000
0000000000000000
0000001000010110
0000010101100111
0000010101100111
0000010101100111
0000010101100111
0000010101100111
