0.19370710849761963
0.14824484288692474
0.16873764991760254
0.18952399492263794
0.15968458354473114
0.1479036659002304
0.15870946645736694
0.1482686549425125
0.14735466241836548
0.16963894665241241
0.21414746344089508
0.1911265254020691
0.13641425967216492
0.13388481736183167
0.11043161153793335
0.14558634161949158
0.10765112936496735
0.04396405816078186
0.12284991890192032
0.12531830370426178
0.14821757376194
0.21050456166267395
0.23289328813552856
0.14882686734199524
0.014899259433150291
0.07242505252361298
0.10423082858324051
0.13537390530109406
0.10782358050346375
0.049778394401073456
0.14322032034397125
0.17587611079216003
0.12979190051555634
0.1519869863986969
0.16184760630130768
0.124966561794281
0.07723550498485565
0.03299274295568466
0.10229538381099701
0.17239932715892792
0.25113072991371155
0.2708897888660431
0.19109538197517395
0.07447178661823273
0.010020747780799866
0.06924343854188919
0.09595398604869843
0.08937141299247742
0.15220707654953003
0.24086982011795044
0.2582240700721741
0.16670256853103638
0.06703997403383255
0.10742511600255966
0.1200866624712944
0.1300133466720581
0.08641409873962402
0.028582343831658363
0.08889324963092804
0.1313064992427826
0.13852883875370026
0.10432795435190201
0.11471730470657349
0.12545344233512878
0.07895655930042267
0.0972822979092598
0.18307876586914062
0.22419852018356323
0.1992291659116745
0.12328279763460159
0.0205686092376709
0.07688438892364502
0.10139128565788269
0.05281645804643631
0.08950365334749222
0.12593811750411987
0.08113405853509903
0.08557817339897156
0.13522092998027802
0.13454172015190125
0.18237996101379395
0.22654986381530762
0.14488300681114197
0.043236128985881805
0.08162200450897217
0.035918526351451874
0.19778381288051605
0.2577144205570221
0.2608008086681366
0.3322184085845947
0.3627082109451294
0.2638646066188812
0.08710142225027084
0.05564643070101738
0.11671535670757294
0.12387767434120178
0.10405134409666061
0.08892807364463806
0.12085842341184616
0.177529439330101
0.17566893994808197
0.12693633139133453